1 0.81328125 0.4828125 0.1875 0.234375
1 0.68984375 0.459375 0.1875 0.2265625
1 0.56796875 0.48046875 0.1671875 0.203125
1 0.31875 0.7 0.24375 0.275
1 0.41875 0.5734375 0.228125 0.25625
10 0.846875 0.38203125 0.30625 0.5890625
10 0.8359375 0.51640625 0.2859375 0.415625
10 0.71953125 0.52421875 0.353125 0.5125
10 0.59453125 0.56875 0.39375 0.5734375
10 0.446875 0.678125 0.4046875 0.55625
10 0.20546875 0.74296875 0.4109375 0.5140625
10 0.3453125 0.7515625 0.3625 0.496875
3 0.45703125 0.9671875 0.1015625 0.065625
3 0.490625 0.9390625 0.1046875 0.1078125
3 0.58203125 0.8984375 0.1046875 0.1046875
3 0.6109375 0.86875 0.0984375 0.103125
3 0.6984375 0.8109375 0.1078125 0.1140625
3 0.74375 0.78046875 0.0859375 0.096875
3 0.809375 0.73515625 0.084375 0.09375
3 0.853125 0.7140625 0.0828125 0.090625
3 0.9046875 0.66796875 0.0859375 0.0953125
3 0.93359375 0.6640625 0.0703125 0.078125
3 0.96796875 0.63828125 0.0640625 0.1046875
