1 0.628125 0.7859375 0.2109375 0.2265625
1 0.60625 0.6625 0.2078125 0.2203125
1 0.54296875 0.55625 0.1859375 0.196875
1 0.2484375 0.40234375 0.2640625 0.2734375
1 0.4015625 0.45 0.246875 0.2546875
10 0.75390625 0.7796875 0.4921875 0.440625
10 0.60390625 0.8140625 0.3421875 0.371875
10 0.55625 0.71328125 0.4234375 0.4734375
10 0.46953125 0.6125 0.471875 0.5296875
10 0.31484375 0.5140625 0.4734375 0.521875
10 0.18515625 0.31796875 0.3703125 0.5828125
10 0.20703125 0.45078125 0.4140625 0.4828125
3 0.04140625 0.63359375 0.0828125 0.1078125
3 0.08671875 0.6484375 0.109375 0.1109375
3 0.1578125 0.71953125 0.109375 0.109375
3 0.1953125 0.7359375 0.1046875 0.10625
3 0.28046875 0.79609375 0.1140625 0.1171875
3 0.32578125 0.828125 0.09375 0.096875
3 0.3921875 0.8734375 0.090625 0.09375
3 0.4265625 0.90625 0.090625 0.0921875
3 0.48828125 0.93828125 0.0921875 0.0953125
3 0.50234375 0.96171875 0.0765625 0.0765625
3 0.54609375 0.97578125 0.1078125 0.0484375
