1 0.76015625 0.675 0.125 0.2265625
1 0.6765625 0.58125 0.1296875 0.2140625
1 0.565625 0.525 0.1140625 0.19375
1 0.23515625 0.55 0.1828125 0.2484375
1 0.390625 0.51015625 0.1703125 0.23125
10 0.88984375 0.64765625 0.2203125 0.6078125
10 0.75859375 0.715625 0.146875 0.4328125
10 0.6609375 0.6515625 0.1859375 0.5328125
10 0.534375 0.6109375 0.2046875 0.596875
10 0.35078125 0.61015625 0.234375 0.5640625
10 0.096875 0.553125 0.19375 0.64375
10 0.2171875 0.61875 0.1921875 0.540625
3 0.03515625 0.85703125 0.0703125 0.0828125
3 0.0828125 0.85 0.0734375 0.0796875
3 0.171875 0.86328125 0.084375 0.0875
3 0.228125 0.8453125 0.0859375 0.090625
3 0.32578125 0.86796875 0.0859375 0.0875
3 0.36640625 0.86171875 0.078125 0.090625
3 0.47109375 0.8671875 0.0859375 0.0984375
3 0.52578125 0.8703125 0.065625 0.0859375
3 0.60625 0.87421875 0.0640625 0.0828125
3 0.653125 0.88359375 0.0640625 0.08125
3 0.72265625 0.87734375 0.065625 0.084375
3 0.74765625 0.8921875 0.0546875 0.071875
3 0.8703125 0.92265625 0.103125 0.1
3 0.80703125 0.9046875 0.084375 0.0890625
