1 0.72578125 0.7171875 0.1578125 0.234375
1 0.659375 0.6109375 0.1609375 0.2234375
1 0.5609375 0.5359375 0.140625 0.2015625
1 0.23046875 0.50390625 0.215625 0.265625
1 0.390625 0.490625 0.2015625 0.246875
10 0.85 0.70390625 0.3 0.5921875
10 0.7171875 0.75703125 0.2171875 0.4328125
10 0.63203125 0.6765625 0.2703125 0.53125
10 0.5140625 0.615625 0.3 0.5953125
10 0.33359375 0.58203125 0.3203125 0.56875
10 0.1203125 0.478125 0.240625 0.646875
10 0.20078125 0.56796875 0.278125 0.540625
3 0.0109375 0.7703125 0.021875 0.09375
3 0.03515625 0.77265625 0.0703125 0.0890625
3 0.1140625 0.80078125 0.09375 0.096875
3 0.17265625 0.79296875 0.096875 0.1
3 0.26484375 0.83203125 0.096875 0.0984375
3 0.30546875 0.8328125 0.0890625 0.0984375
3 0.4078125 0.85703125 0.096875 0.1078125
3 0.4609375 0.86953125 0.0765625 0.0921875
3 0.53984375 0.88671875 0.075 0.0890625
3 0.58359375 0.90390625 0.0734375 0.0875
3 0.653125 0.91015625 0.0765625 0.090625
3 0.67578125 0.92890625 0.0625 0.0765625
3 0.79140625 0.9625 0.1140625 0.075
3 0.73125 0.95078125 0.09375 0.0984375
