0 0.44140625 0.14453125 0.08125 0.103125
0 0.0453125 0.24453125 0.0703125 0.1015625
0 0.19140625 0.30078125 0.0640625 0.1078125
0 0.63828125 0.253125 0.090625 0.1171875
0 0.32421875 0.3 0.06875 0.0921875
1 0.0734375 0.44140625 0.146875 0.2890625
1 0.01640625 0.46328125 0.0328125 0.1421875
1 0.47421875 0.425 0.1703125 0.353125
1 0.22265625 0.45625 0.125 0.2484375
1 0.1375 0.4734375 0.05625 0.1625
1 0.41953125 0.484375 0.040625 0.121875
1 0.30234375 0.5109375 0.034375 0.1453125
1 0.27734375 0.52109375 0.0421875 0.109375
1 0.53046875 0.49296875 0.075 0.2109375
1 0.38515625 0.51640625 0.0703125 0.1671875
1 0.18125 0.5421875 0.0296875 0.0875
1 0.34375 0.52421875 0.1359375 0.2921875
1 0.66953125 0.59765625 0.215625 0.484375
1 0.57109375 0.67109375 0.0875 0.2609375
1 0.7578125 0.71640625 0.0921875 0.2140625
