0 0.146875 0.1734375 0.06875 0.0953125
0 0.4578125 0.23046875 0.0546875 0.090625
0 0.3 0.2640625 0.0515625 0.075
0 0.5171875 0.25859375 0.0421875 0.065625
0 0.38203125 0.27421875 0.0359375 0.053125
0 0.59296875 0.28671875 0.046875 0.09375
1 0.1515625 0.40234375 0.1234375 0.2953125
0 0.775 0.37421875 0.0640625 0.0671875
1 0.53515625 0.396875 0.0609375 0.190625
1 0.390625 0.4109375 0.075 0.1953125
1 0.4671875 0.41484375 0.1109375 0.259375
1 0.59375 0.42578125 0.096875 0.2390625
1 0.3125 0.46640625 0.1125 0.2703125
1 0.775 0.5640625 0.1265625 0.275
3 0.70703125 0.765625 0.0546875 0.0796875
3 0.2375 0.8 0.090625 0.1125
3 0.16796875 0.87734375 0.078125 0.1
3 0.67734375 0.7421875 0.0640625 0.0640625
3 0.628125 0.71015625 0.05625 0.075
3 0.3046875 0.7953125 0.053125 0.078125
