0 0.3125 0.175 0.034375 0.0484375
0 0.59453125 0.240625 0.0328125 0.053125
0 0.42109375 0.228125 0.0359375 0.05
0 0.65546875 0.27890625 0.034375 0.05
0 0.478125 0.2671875 0.0359375 0.0515625
0 0.540625 0.2921875 0.0265625 0.034375
1 0.578125 0.3453125 0.0765625 0.1359375
0 0.2859375 0.303125 0.0890625 0.165625
1 0.59296875 0.36171875 0.0359375 0.09375
1 0.396875 0.328125 0.0609375 0.134375
1 0.4609375 0.3484375 0.0671875 0.121875
1 0.3703125 0.33359375 0.0375 0.0734375
1 0.521875 0.3765625 0.0625 0.121875
1 0.5390625 0.3796875 0.03125 0.0734375
1 0.6328125 0.39609375 0.0859375 0.1640625
1 0.48203125 0.37734375 0.0234375 0.0484375
1 0.496875 0.38203125 0.0265625 0.0640625
1 0.43359375 0.37421875 0.021875 0.053125
1 0.59375 0.4375 0.028125 0.0734375
1 0.65 0.44921875 0.034375 0.0671875
