0 0.04140625 0.384375 0.0828125 0.109375
0 0.33203125 0.284375 0.0875 0.1
0 0.2109375 0.390625 0.078125 0.0859375
0 0.3984375 0.28046875 0.065625 0.0734375
0 0.2875 0.359375 0.05625 0.0625
0 0.478125 0.26796875 0.0828125 0.0984375
1 0.14765625 0.58359375 0.24375 0.2984375
0 0.6796875 0.25703125 0.084375 0.084375
1 0.48046875 0.3921875 0.1421875 0.1828125
1 0.3609375 0.475 0.1578125 0.196875
1 0.4296875 0.44140625 0.2171875 0.2640625
1 0.54609375 0.38984375 0.1953125 0.240625
1 0.31953125 0.5609375 0.221875 0.271875
1 0.77109375 0.42265625 0.2375 0.284375
3 0.81015625 0.63203125 0.084375 0.0921875
3 0.415625 0.88984375 0.1265625 0.1328125
3 0.3921875 0.965625 0.1125 0.06875
3 0.77265625 0.62578125 0.0828125 0.0828125
3 0.7140625 0.621875 0.0828125 0.0890625
3 0.47265625 0.853125 0.0828125 0.090625
