0 0.378125 0.353125 0.0625 0.078125
0 0.20390625 0.4 0.0484375 0.05
0 0.31171875 0.38515625 0.0375 0.04375
1 0.26171875 0.41171875 0.0609375 0.0859375
1 0.17421875 0.45 0.0515625 0.0625
1 0.31015625 0.4203125 0.046875 0.046875
0 0.634375 0.3609375 0.040625 0.040625
1 0.4609375 0.40546875 0.040625 0.078125
0 0.44140625 0.4125 0.028125 0.0375
0 0.5015625 0.40234375 0.040625 0.05625
1 0.59765625 0.3859375 0.0578125 0.0890625
1 0.67109375 0.3828125 0.0390625 0.0625
1 0.534375 0.41953125 0.040625 0.0515625
1 0.32578125 0.48046875 0.0578125 0.109375
1 0.50234375 0.44296875 0.025 0.0484375
1 0.52890625 0.4390625 0.08125 0.1390625
1 0.23203125 0.51328125 0.1015625 0.1609375
1 0.46484375 0.4984375 0.0484375 0.109375
1 0.65234375 0.478125 0.109375 0.171875
1 0.41015625 0.54765625 0.14375 0.2640625
