0 0.4640625 0.03671875 0.10625 0.0734375
0 0.653125 0.27421875 0.0921875 0.0984375
0 0.51484375 0.19140625 0.08125 0.0859375
0 0.67734375 0.33515625 0.06875 0.071875
0 0.56796875 0.2546875 0.059375 0.0609375
0 0.71328125 0.4078125 0.0890625 0.0953125
1 0.31171875 0.190625 0.2625 0.2890625
0 0.78671875 0.5953125 0.0859375 0.0859375
1 0.59609375 0.4484375 0.1546875 0.175
1 0.48046875 0.36015625 0.1703125 0.190625
1 0.534375 0.415625 0.2328125 0.25625
1 0.61875 0.509375 0.2109375 0.2328125
1 0.3859375 0.34765625 0.2390625 0.2640625
1 0.65703125 0.73359375 0.253125 0.2765625
3 0.4703125 0.8359375 0.0875 0.0921875
3 0.103125 0.540625 0.1296875 0.134375
3 0.02890625 0.5484375 0.0578125 0.11875
3 0.46484375 0.7984375 0.0828125 0.0828125
3 0.45 0.74140625 0.0859375 0.0890625
3 0.15546875 0.5828125 0.0859375 0.0890625
