0 0.6328125 0.16484375 0.103125 0.115625
0 0.2421875 0.05078125 0.09375 0.1015625
0 0.33828125 0.1703125 0.0890625 0.1140625
0 0.7453125 0.359375 0.115625 0.1296875
0 0.45234375 0.23828125 0.0890625 0.103125
1 0.16328125 0.23046875 0.2171875 0.2984375
1 0.09765625 0.215625 0.0859375 0.140625
1 0.51640625 0.42265625 0.25625 0.3640625
1 0.284375 0.31953125 0.1859375 0.2578125
1 0.203125 0.290625 0.0984375 0.1609375
1 0.4390625 0.4453125 0.0734375 0.1203125
1 0.325 0.4078125 0.0734375 0.1390625
1 0.2984375 0.403125 0.0703125 0.109375
1 0.5296875 0.51015625 0.128125 0.2078125
1 0.39375 0.45546875 0.1125 0.16875
1 0.2046875 0.371875 0.0515625 0.0859375
1 0.35390625 0.43984375 0.209375 0.3
1 0.5953125 0.6703125 0.3359375 0.49375
1 0.4734375 0.6828125 0.15625 0.25625
1 0.609375 0.81796875 0.1453125 0.2171875
