0 0.35234375 0.3796875 0.071875 0.0828125
0 0.190625 0.4578125 0.0546875 0.0546875
0 0.29296875 0.4234375 0.0421875 0.046875
1 0.24921875 0.45859375 0.071875 0.0890625
1 0.1703125 0.51328125 0.059375 0.0671875
1 0.2984375 0.4578125 0.0515625 0.0515625
0 0.60546875 0.3375 0.0453125 0.0453125
1 0.44296875 0.41484375 0.053125 0.078125
0 0.42578125 0.425 0.0328125 0.0390625
0 0.4828125 0.40390625 0.0484375 0.059375
1 0.57421875 0.36953125 0.0703125 0.0921875
1 0.6453125 0.35234375 0.0484375 0.0640625
1 0.51875 0.41484375 0.046875 0.0546875
1 0.325 0.5140625 0.075 0.1109375
1 0.490625 0.44296875 0.0328125 0.0484375
1 0.5171875 0.434375 0.1015625 0.140625
1 0.2390625 0.5640625 0.125 0.1640625
1 0.465625 0.50546875 0.065625 0.1078125
1 0.6453125 0.45 0.1328125 0.1765625
1 0.42109375 0.5640625 0.1828125 0.2640625
