0 0.471875 0.03671875 0.10625 0.0734375
0 0.65703125 0.2765625 0.09375 0.0984375
0 0.5203125 0.19140625 0.0828125 0.0859375
0 0.68046875 0.33828125 0.06875 0.071875
0 0.57265625 0.25546875 0.0578125 0.0609375
0 0.71484375 0.4109375 0.0890625 0.0953125
1 0.3171875 0.1875 0.2640625 0.2875
0 0.78515625 0.60078125 0.0859375 0.0859375
1 0.596875 0.45 0.1578125 0.175
1 0.48359375 0.359375 0.171875 0.1875
1 0.5359375 0.415625 0.234375 0.2546875
1 0.61875 0.51171875 0.2125 0.23125
1 0.3890625 0.3453125 0.2421875 0.2625
1 0.653125 0.73671875 0.2546875 0.275
3 0.4640625 0.83515625 0.0875 0.090625
3 0.10234375 0.53359375 0.13125 0.134375
3 0.028125 0.540625 0.05625 0.11875
3 0.459375 0.79765625 0.084375 0.084375
3 0.44609375 0.740625 0.0859375 0.0875
3 0.15390625 0.5765625 0.0859375 0.0890625
