0 0.1625 0.33515625 0.0421875 0.05
0 0.43359375 0.23203125 0.04375 0.05625
0 0.2828125 0.31875 0.04375 0.053125
0 0.50546875 0.2296875 0.0421875 0.0515625
0 0.3515625 0.31875 0.0453125 0.0546875
0 0.4171875 0.3046875 0.0328125 0.0375
1 0.478125 0.328125 0.1015625 0.1390625
0 0.21171875 0.45625 0.121875 0.1703125
1 0.49921875 0.33359375 0.05625 0.0921875
1 0.31875 0.41484375 0.0890625 0.134375
1 0.3828125 0.39609375 0.090625 0.125
1 0.3 0.434375 0.0515625 0.075
1 0.44921875 0.3859375 0.0875 0.1234375
1 0.465625 0.378125 0.046875 0.0734375
1 0.5515625 0.33984375 0.1171875 0.1671875
1 0.41640625 0.4078125 0.0328125 0.0484375
1 0.43125 0.40390625 0.0390625 0.0640625
1 0.37421875 0.4328125 0.0328125 0.0515625
1 0.5421875 0.3953125 0.04375 0.071875
1 0.59609375 0.37421875 0.046875 0.06875
