0 0.603125 0.1546875 0.096875 0.1125
0 0.203125 0.0703125 0.0875 0.109375
0 0.31015625 0.1859375 0.08125 0.1125
0 0.73203125 0.3390625 0.109375 0.128125
0 0.4296875 0.24375 0.084375 0.1
1 0.14140625 0.2609375 0.2 0.2984375
1 0.07421875 0.2515625 0.0765625 0.1421875
1 0.509375 0.421875 0.2328125 0.3640625
1 0.26953125 0.3390625 0.16875 0.2578125
1 0.1859375 0.3171875 0.0875 0.1625
1 0.434375 0.45078125 0.0640625 0.121875
1 0.3171875 0.4234375 0.0625 0.1421875
1 0.290625 0.42109375 0.0625 0.109375
1 0.53046875 0.50703125 0.1140625 0.2109375
1 0.38984375 0.46484375 0.1015625 0.1703125
1 0.19453125 0.3984375 0.0453125 0.0875
1 0.34921875 0.453125 0.1890625 0.3
1 0.609375 0.66171875 0.303125 0.4953125
1 0.4890625 0.684375 0.1359375 0.2609375
1 0.63671875 0.8078125 0.13125 0.21875
