0 0.2203125 0.30859375 0.059375 0.0609375
0 0.5859375 0.27890625 0.06875 0.0671875
0 0.69765625 0.32109375 0.0609375 0.0578125
1 0.40546875 0.55546875 0.1203125 0.2890625
1 0.60078125 0.47890625 0.0984375 0.2734375
1 0.70546875 0.52109375 0.1078125 0.2546875
0 0.409375 0.33984375 0.06875 0.0859375
3 0.25 0.8421875 0.065625 0.028125
3 0.3609375 0.9296875 0.0375 0.03125
3 0.421875 0.93046875 0.034375 0.0328125
3 0.6 0.921875 0.075 0.040625
3 0.68828125 0.91171875 0.0734375 0.0328125
3 0.1265625 0.8140625 0.05 0.0875
10 0.20078125 0.565625 0.1921875 0.628125
10 0.3875 0.6203125 0.184375 0.684375
10 0.59765625 0.603125 0.1828125 0.7375
10 0.7140625 0.61328125 0.175 0.65625
