0 0.19375 0.3546875 0.06875 0.06875
0 0.55 0.26796875 0.078125 0.0765625
0 0.6671875 0.2921875 0.06875 0.0671875
1 0.415625 0.56953125 0.1640625 0.3046875
1 0.59609375 0.46328125 0.140625 0.2859375
1 0.70625 0.4890625 0.146875 0.26875
0 0.38515625 0.35625 0.08125 0.0953125
3 0.30625 0.87734375 0.06875 0.0375
3 0.4296875 0.94609375 0.0421875 0.0375
3 0.48984375 0.9375 0.0390625 0.0375
3 0.66484375 0.90078125 0.0796875 0.0515625
3 0.75 0.87734375 0.078125 0.04375
3 0.18046875 0.86875 0.0625 0.09375
10 0.21484375 0.61171875 0.2875 0.65
10 0.4078125 0.63671875 0.2890625 0.7046875
10 0.6125 0.58671875 0.2953125 0.75625
10 0.72890625 0.578125 0.275 0.675
