0 0.3171875 0.21484375 0.078125 0.0796875
0 0.665625 0.3296875 0.0890625 0.0890625
0 0.7515625 0.4125 0.078125 0.0765625
1 0.39140625 0.5140625 0.2234375 0.3125
1 0.60078125 0.5203125 0.196875 0.290625
1 0.68125 0.6 0.1984375 0.2765625
0 0.47890625 0.3171875 0.096875 0.10625
3 0.1359375 0.7171875 0.071875 0.0515625
3 0.20390625 0.84140625 0.046875 0.04375
3 0.26015625 0.865625 0.04375 0.04375
3 0.42734375 0.92734375 0.084375 0.0671875
3 0.5125 0.95234375 0.0796875 0.059375
3 0.03671875 0.6421875 0.0734375 0.1
10 0.2046875 0.44375 0.409375 0.653125
10 0.34921875 0.56640625 0.4375 0.7015625
10 0.5484375 0.62890625 0.45625 0.7421875
10 0.65234375 0.67578125 0.4171875 0.6484375
