0 0.4671875 0.0203125 0.1125 0.040625
0 0.51171875 0.1078125 0.0671875 0.06875
0 0.6328125 0.17578125 0.06875 0.06875
0 0.675 0.22734375 0.0859375 0.0890625
0 0.9765625 0.49765625 0.046875 0.0609375
1 0.36015625 0.1796875 0.3859375 0.359375
1 0.4 0.25078125 0.1203125 0.128125
1 0.5390625 0.27890625 0.15625 0.16875
1 0.59921875 0.33515625 0.190625 0.2046875
1 0.76484375 0.4453125 0.1984375 0.2125
1 0.88359375 0.62734375 0.2328125 0.3265625
3 0.6328125 0.94921875 0.090625 0.0859375
3 0.50234375 0.68984375 0.059375 0.0546875
3 0.55625 0.73203125 0.040625 0.040625
3 0.38125 0.5890625 0.0578125 0.05625
0 0.86484375 0.32109375 0.0984375 0.09375
10 0.778125 0.66796875 0.44375 0.6640625
10 0.89921875 0.5765625 0.2015625 0.26875
10 0.696875 0.5140625 0.53125 0.5890625
10 0.5359375 0.40703125 0.45625 0.5171875
10 0.48203125 0.33828125 0.4234375 0.4828125
10 0.36171875 0.30234375 0.4515625 0.5171875
10 0.27734375 0.28125 0.5546875 0.5625
