0 0.16171875 0.1078125 0.1203125 0.13125
0 0.39296875 0.21171875 0.125 0.11875
0 0.5859375 0.29375 0.1265625 0.1203125
0 0.778125 0.33828125 0.1296875 0.13125
0 0.96328125 0.3015625 0.0734375 0.159375
1 0.12734375 0.31171875 0.2546875 0.3578125
1 0.33984375 0.39453125 0.265625 0.3546875
1 0.52734375 0.471875 0.2640625 0.325
1 0.7109375 0.5296875 0.25625 0.3390625
3 0.028125 0.66875 0.05625 0.134375
3 0.184375 0.68359375 0.1390625 0.1375
3 0.22890625 0.7296875 0.1375 0.14375
3 0.40546875 0.746875 0.128125 0.125
3 0.43203125 0.8046875 0.121875 0.121875
3 0.5484375 0.840625 0.1109375 0.1015625
3 0.57578125 0.89140625 0.125 0.11875
3 0.72734375 0.93828125 0.1484375 0.1234375
3 0.7609375 0.95859375 0.178125 0.0828125
10 0.80703125 0.6046875 0.3859375 0.790625
10 0.6734375 0.62265625 0.41875 0.7171875
10 0.50390625 0.54375 0.4078125 0.6578125
10 0.29296875 0.4609375 0.409375 0.6703125
10 0.1390625 0.38984375 0.278125 0.6984375
