1 0.13203125 0.39375 0.078125 0.0703125
1 0.25703125 0.4109375 0.0921875 0.096875
1 0.4265625 0.32578125 0.0734375 0.0703125
1 0.7921875 0.40546875 0.0921875 0.103125
0 0.7734375 0.33984375 0.0375 0.0375
0 0.225 0.359375 0.046875 0.046875
3 0.82109375 0.57265625 0.04375 0.0453125
3 0.32109375 0.50078125 0.0421875 0.0578125
3 0.28203125 0.5015625 0.05 0.0578125
3 0.2265625 0.51484375 0.0515625 0.06875
3 0.16953125 0.48984375 0.04375 0.0578125
3 0.4953125 0.39921875 0.0375 0.04375
3 0.47578125 0.40234375 0.0359375 0.040625
10 0.8046875 0.471875 0.2828125 0.3796875
10 0.434375 0.353125 0.2 0.234375
10 0.16953125 0.4671875 0.196875 0.26875
10 0.2671875 0.43203125 0.184375 0.2515625
