0 0.05546875 0.69296875 0.1109375 0.1234375
0 0.1265625 0.62890625 0.1109375 0.1109375
0 0.2265625 0.64375 0.09375 0.0953125
0 0.2828125 0.525 0.071875 0.0734375
0 0.4109375 0.43984375 0.065625 0.0671875
0 0.4625 0.41796875 0.05625 0.0578125
0 0.52421875 0.39296875 0.0578125 0.0578125
0 0.5640625 0.3109375 0.0578125 0.0578125
0 0.61875 0.31328125 0.08125 0.084375
0 0.7453125 0.253125 0.1015625 0.1015625
3 0.6296875 0.9640625 0.0484375 0.05
3 0.653125 0.93671875 0.0578125 0.0578125
3 0.68671875 0.834375 0.040625 0.0421875
3 0.72890625 0.7953125 0.05 0.05
3 0.75234375 0.73671875 0.040625 0.040625
3 0.71484375 0.76015625 0.0359375 0.0359375
3 0.78671875 0.73828125 0.0546875 0.0546875
3 0.8296875 0.728125 0.0546875 0.0578125
3 0.83828125 0.68671875 0.0515625 0.0515625
3 0.90390625 0.71171875 0.05 0.046875
3 0.93984375 0.7109375 0.05625 0.0546875
10 0.83125 0.428125 0.3375 0.54375
10 0.771875 0.50625 0.4265625 0.484375
10 0.71015625 0.496875 0.39375 0.4484375
10 0.68046875 0.56328125 0.403125 0.45625
10 0.590625 0.5640625 0.353125 0.4015625
10 0.5546875 0.63125 0.4234375 0.48125
10 0.4640625 0.72734375 0.503125 0.5453125
10 0.3890625 0.7890625 0.4625 0.421875
10 0.31015625 0.78203125 0.5328125 0.4359375
10 0.246875 0.81015625 0.49375 0.3796875
