0 0.5140625 0.1765625 0.2203125 0.2421875
0 0.871875 0.3921875 0.153125 0.1640625
0 0.94140625 0.515625 0.0921875 0.0890625
3 0.0171875 0.6203125 0.034375 0.16875
3 0.0328125 0.69140625 0.065625 0.1703125
3 0.0859375 0.74453125 0.1609375 0.18125
3 0.25078125 0.82265625 0.14375 0.1625
3 0.46640625 0.80234375 0.1078125 0.1265625
3 0.52734375 0.8296875 0.11875 0.115625
3 0.6859375 0.796875 0.0890625 0.096875
3 0.73125 0.815625 0.0921875 0.0921875
10 0.81796875 0.6609375 0.328125 0.44375
10 0.6625 0.57578125 0.571875 0.7296875
10 0.35078125 0.484375 0.6859375 0.890625
10 0.25546875 0.3859375 0.5109375 0.771875
