1 0.11796875 0.5125 0.078125 0.078125
1 0.24140625 0.490625 0.1 0.1
1 0.3765625 0.35703125 0.0765625 0.0765625
1 0.7484375 0.31953125 0.103125 0.1046875
0 0.7109375 0.26328125 0.0390625 0.0390625
0 0.19453125 0.4515625 0.05 0.05
3 0.82734375 0.4703125 0.046875 0.046875
3 0.3296875 0.55625 0.0515625 0.053125
3 0.29296875 0.56875 0.05625 0.0578125
3 0.24453125 0.5984375 0.0625 0.065625
3 0.18203125 0.5921875 0.053125 0.0546875
3 0.4640625 0.40546875 0.0421875 0.04375
3 0.446875 0.41484375 0.040625 0.040625
10 0.78125 0.37890625 0.346875 0.3578125
10 0.3921875 0.38046875 0.2296875 0.2328125
10 0.17578125 0.5703125 0.24375 0.2515625
10 0.2578125 0.50703125 0.228125 0.2359375
