0 0.021875 0.52109375 0.04375 0.1078125
0 0.37265625 0.1359375 0.08125 0.08125
0 0.4578125 0.0625 0.0828125 0.0828125
0 0.7046875 0.23828125 0.0828125 0.0828125
1 0.159375 0.71796875 0.31875 0.3453125
1 0.50703125 0.315625 0.2578125 0.271875
1 0.5984375 0.2140625 0.2546875 0.2671875
1 0.8546875 0.36875 0.2421875 0.2515625
3 0.9 0.5734375 0.0734375 0.071875
3 0.96015625 0.584375 0.0796875 0.08125
3 0.99140625 0.5171875 0.0171875 0.075
10 0.8046875 0.3890625 0.390625 0.525
10 0.69453125 0.31328125 0.5921875 0.6265625
10 0.57890625 0.3984375 0.5984375 0.6546875
3 0.8203125 0.63046875 0.1109375 0.1109375
10 0.31875 0.69453125 0.6375 0.6109375
