0 0.4328125 0.796875 0.1546875 0.15625
0 0.4640625 0.65234375 0.0484375 0.0484375
0 0.63046875 0.5390625 0.0375 0.0375
0 0.69765625 0.18046875 0.1328125 0.134375
0 0.57421875 0.54921875 0.0375 0.0375
1 0.5640625 0.91640625 0.265625 0.1671875
1 0.8515625 0.35390625 0.296875 0.4171875
1 0.60234375 0.6109375 0.10625 0.109375
1 0.6953125 0.5625 0.11875 0.121875
10 0.76796875 0.35703125 0.4640625 0.6265625
10 0.50546875 0.84453125 0.4171875 0.3109375
10 0.51640625 0.7328125 0.265625 0.271875
10 0.6140625 0.6109375 0.165625 0.1703125
10 0.7140625 0.58515625 0.2421875 0.2484375
