0 0.51953125 0.1765625 0.221875 0.2421875
0 0.8734375 0.39921875 0.153125 0.1640625
0 0.94140625 0.5234375 0.0921875 0.090625
3 0.01640625 0.6109375 0.0328125 0.16875
3 0.03125 0.68203125 0.0625 0.1703125
3 0.08203125 0.7375 0.1625 0.18125
3 0.2453125 0.81796875 0.1453125 0.1625
3 0.46171875 0.80234375 0.109375 0.1265625
3 0.52109375 0.83046875 0.11875 0.115625
3 0.68125 0.8 0.090625 0.096875
3 0.72578125 0.81953125 0.0921875 0.09375
10 0.81484375 0.66640625 0.334375 0.440625
10 0.6609375 0.578125 0.58125 0.728125
10 0.3515625 0.48125 0.6953125 0.8859375
10 0.2609375 0.38203125 0.521875 0.7640625
