0 0.02265625 0.496875 0.0453125 0.134375
0 0.2125 0.3921875 0.1296875 0.125
0 0.40078125 0.3 0.13125 0.1265625
0 0.56015625 0.18359375 0.1359375 0.1359375
0 0.68125 0.0359375 0.165625 0.071875
1 0.128125 0.6609375 0.25625 0.359375
1 0.31484375 0.5515625 0.2921875 0.35625
1 0.496875 0.4609375 0.2859375 0.33125
1 0.6609375 0.36015625 0.2828125 0.340625
3 0.23046875 0.9765625 0.0921875 0.046875
3 0.29765625 0.959375 0.1234375 0.08125
3 0.43125 0.85859375 0.1453125 0.14375
3 0.49609375 0.85546875 0.1453125 0.1484375
3 0.62421875 0.73359375 0.1328125 0.13125
3 0.68515625 0.7515625 0.128125 0.128125
3 0.7890625 0.68671875 0.1140625 0.1078125
3 0.8453125 0.7 0.1296875 0.125
3 0.9546875 0.6203125 0.090625 0.146875
3 0.97734375 0.628125 0.0453125 0.16875
10 0.7828125 0.38515625 0.434375 0.7703125
10 0.70703125 0.44921875 0.4875 0.703125
10 0.5359375 0.525 0.46875 0.6484375
10 0.33515625 0.63046875 0.471875 0.659375
10 0.1859375 0.7 0.371875 0.6
