0 0.3328125 0.5328125 0.05625 0.0578125
0 0.4203125 0.45234375 0.046875 0.046875
0 0.51328125 0.41328125 0.046875 0.05
0 0.58515625 0.36875 0.0546875 0.0578125
0 0.63359375 0.33515625 0.071875 0.071875
3 0.50078125 0.85078125 0.0359375 0.040625
3 0.5171875 0.81953125 0.0453125 0.0375
3 0.6046875 0.73359375 0.0296875 0.0296875
3 0.6421875 0.71640625 0.0375 0.0390625
3 0.69921875 0.72578125 0.040625 0.0359375
3 0.73671875 0.725 0.0328125 0.0359375
3 0.78203125 0.7046875 0.0453125 0.0375
3 0.8203125 0.709375 0.0328125 0.034375
3 0.89609375 0.778125 0.06875 0.0625
10 0.4171875 0.690625 0.35 0.4578125
10 0.51953125 0.59140625 0.3 0.403125
10 0.61640625 0.565625 0.2953125 0.425
10 0.78046875 0.54296875 0.3984375 0.5828125
10 0.69296875 0.53984375 0.3046875 0.4421875
