0 0.49140625 0.1765625 0.2140625 0.240625
0 0.86328125 0.3671875 0.1484375 0.1625
0 0.94140625 0.48515625 0.090625 0.0875
3 0.02109375 0.65859375 0.0421875 0.1671875
3 0.03828125 0.72578125 0.0765625 0.1703125
3 0.10390625 0.77265625 0.1546875 0.18125
3 0.2734375 0.8390625 0.1375 0.1625
3 0.48828125 0.80390625 0.103125 0.1265625
3 0.55 0.82734375 0.115625 0.1125
3 0.70625 0.7828125 0.0859375 0.096875
3 0.753125 0.79921875 0.0890625 0.090625
10 0.828125 0.63828125 0.3046875 0.4515625
10 0.6671875 0.5640625 0.5375 0.740625
10 0.35 0.49453125 0.6421875 0.903125
10 0.2359375 0.40390625 0.471875 0.8078125
