0 0.02265625 0.46171875 0.0453125 0.1328125
0 0.2203125 0.371875 0.128125 0.121875
0 0.41484375 0.29296875 0.128125 0.1234375
0 0.58203125 0.1890625 0.1328125 0.1328125
0 0.71640625 0.0421875 0.1609375 0.084375
1 0.11953125 0.6328125 0.2390625 0.359375
1 0.31171875 0.53828125 0.278125 0.35625
1 0.5 0.4609375 0.275 0.328125
1 0.6703125 0.371875 0.26875 0.340625
3 0.19609375 0.96640625 0.0859375 0.0671875
3 0.2640625 0.95234375 0.11875 0.0953125
3 0.40625 0.853125 0.1421875 0.140625
3 0.47109375 0.85390625 0.140625 0.146875
3 0.6078125 0.7421875 0.1296875 0.128125
3 0.6671875 0.76328125 0.125 0.125
3 0.775 0.70703125 0.1125 0.1046875
3 0.83046875 0.7234375 0.128125 0.121875
3 0.95 0.65390625 0.1 0.1421875
3 0.97265625 0.665625 0.0546875 0.1625
10 0.80078125 0.4015625 0.3984375 0.803125
10 0.709375 0.4640625 0.4484375 0.7125
10 0.53359375 0.528125 0.434375 0.6546875
10 0.32578125 0.61875 0.4375 0.665625
10 0.16875 0.684375 0.3375 0.63125
