1 0.4671875 0.11875 0.078125 0.078125
1 0.49609375 0.240625 0.1 0.1
1 0.63671875 0.36875 0.0765625 0.0765625
1 0.69296875 0.73828125 0.103125 0.1046875
0 0.74765625 0.69765625 0.0390625 0.0390625
0 0.5328125 0.19296875 0.05 0.05
3 0.546875 0.82578125 0.046875 0.046875
3 0.43515625 0.3328125 0.053125 0.053125
3 0.4203125 0.296875 0.0578125 0.0578125
3 0.38828125 0.25 0.0640625 0.0640625
3 0.39140625 0.1875 0.053125 0.0546875
3 0.59296875 0.459375 0.0421875 0.04375
3 0.5828125 0.44296875 0.040625 0.040625
10 0.6359375 0.77421875 0.3484375 0.353125
10 0.61328125 0.3859375 0.2296875 0.23125
10 0.4125 0.1796875 0.2453125 0.25
10 0.48046875 0.25859375 0.2296875 0.234375
