0 0.15 0.1203125 0.08125 0.078125
0 0.2625 0.1875 0.046875 0.05
0 0.39921875 0.16484375 0.0484375 0.0484375
0 0.46484375 0.178125 0.0515625 0.071875
0 0.875 0.19375 0.04375 0.04375
0 0.9296875 0.08359375 0.08125 0.0765625
1 0.1796875 0.32578125 0.253125 0.3015625
1 0.265625 0.36953125 0.0625 0.1140625
1 0.39140625 0.30390625 0.0765625 0.1546875
1 0.4734375 0.309375 0.090625 0.190625
1 0.67109375 0.290625 0.1015625 0.190625
1 0.9046875 0.3375 0.11875 0.325
3 0.8859375 0.765625 0.078125 0.046875
3 0.62109375 0.64609375 0.0546875 0.0265625
3 0.68984375 0.6453125 0.0328125 0.025
3 0.4640625 0.64375 0.046875 0.034375
0 0.67109375 0.13125 0.0828125 0.053125
10 0.90546875 0.4203125 0.1546875 0.790625
10 0.87109375 0.29765625 0.0609375 0.296875
10 0.66171875 0.38671875 0.2 0.596875
10 0.46953125 0.4046875 0.1359375 0.55625
10 0.384375 0.3859375 0.121875 0.521875
10 0.26796875 0.43359375 0.1234375 0.565625
10 0.12890625 0.4359375 0.16875 0.75625
