0 0.3875 0.7828125 0.1484375 0.1578125
0 0.440625 0.64453125 0.046875 0.0484375
0 0.62265625 0.55859375 0.0359375 0.0375
0 0.7453125 0.21484375 0.1296875 0.1328125
0 0.565625 0.56015625 0.0375 0.0375
1 0.48984375 0.9171875 0.2515625 0.165625
1 0.86875 0.4203125 0.2625 0.434375
1 0.58359375 0.62578125 0.0984375 0.1140625
1 0.6828125 0.5921875 0.1125 0.125
10 0.7875 0.41171875 0.425 0.6453125
10 0.44296875 0.83828125 0.3859375 0.3234375
10 0.4796875 0.73203125 0.246875 0.28125
10 0.5953125 0.628125 0.15 0.1796875
10 0.6984375 0.61796875 0.221875 0.2609375
