0 0.43828125 0.29296875 0.1234375 0.096875
0 0.61015625 0.36953125 0.11875 0.0890625
0 0.77109375 0.36796875 0.140625 0.0953125
3 0.25625 0.85078125 0.1015625 0.0625
3 0.3703125 0.87421875 0.1171875 0.078125
3 0.53359375 0.92421875 0.109375 0.075
3 0.6328125 0.97890625 0.08125 0.0421875
3 0.6046875 0.9546875 0.1078125 0.078125
1 0.34609375 0.4328125 0.2609375 0.284375
1 0.54765625 0.51640625 0.259375 0.24375
1 0.8046875 0.55625 0.303125 0.2921875
10 0.74140625 0.63828125 0.5171875 0.7234375
10 0.52734375 0.63515625 0.490625 0.728125
10 0.2765625 0.4875 0.553125 0.8375
