0 0.2453125 0.66640625 0.0953125 0.128125
0 0.36796875 0.584375 0.0296875 0.0390625
0 0.56640625 0.61875 0.021875 0.03125
0 0.8640625 0.40703125 0.0921875 0.1
0 0.51953125 0.58671875 0.0265625 0.0265625
1 0.22109375 0.88125 0.1546875 0.23125
1 0.89296875 0.678125 0.18125 0.4109375
1 0.496875 0.65078125 0.05 0.10625
1 0.596875 0.68046875 0.0640625 0.109375
10 0.84453125 0.634375 0.3109375 0.578125
10 0.225 0.79375 0.2 0.40625
10 0.35 0.67890625 0.1296875 0.2578125
10 0.5046875 0.659375 0.0640625 0.178125
10 0.59453125 0.71015625 0.10625 0.246875
