0 0.3484375 0.57734375 0.059375 0.059375
0 0.41015625 0.47578125 0.0484375 0.0484375
0 0.4890625 0.4125 0.0515625 0.0515625
0 0.54609375 0.35 0.0578125 0.0578125
0 0.5828125 0.3046875 0.075 0.075
3 0.596875 0.83671875 0.0390625 0.0390625
3 0.6046875 0.80234375 0.04375 0.04375
3 0.66484375 0.6953125 0.03125 0.03125
3 0.696875 0.66875 0.0390625 0.0390625
3 0.75390625 0.6625 0.0390625 0.0390625
3 0.78984375 0.6515625 0.0359375 0.0359375
3 0.82734375 0.61875 0.04375 0.04375
3 0.865625 0.6125 0.0359375 0.0359375
3 0.95703125 0.6578125 0.06875 0.06875
10 0.47265625 0.70625 0.4203125 0.4203125
10 0.54375 0.58203125 0.365625 0.365625
10 0.63046875 0.53125 0.375 0.375
10 0.7625 0.46328125 0.475 0.5109375
10 0.69609375 0.48515625 0.3890625 0.3890625
