1 0.11875 0.47265625 0.0796875 0.0765625
1 0.24375 0.46328125 0.0984375 0.1
1 0.3921875 0.34453125 0.0765625 0.075
1 0.765625 0.346875 0.1 0.1046875
0 0.734375 0.28671875 0.0390625 0.0390625
0 0.2015625 0.41953125 0.05 0.0484375
3 0.82890625 0.5046875 0.046875 0.046875
3 0.325 0.53828125 0.05 0.05625
3 0.28671875 0.546875 0.0546875 0.059375
3 0.2359375 0.57109375 0.059375 0.0671875
3 0.17421875 0.55859375 0.0515625 0.05625
3 0.47421875 0.40234375 0.040625 0.04375
3 0.45625 0.409375 0.0390625 0.0421875
10 0.7921875 0.40859375 0.328125 0.3671875
10 0.4046875 0.3703125 0.221875 0.2359375
10 0.1703125 0.5359375 0.23125 0.259375
10 0.25859375 0.48203125 0.215625 0.24375
