1 0.4078125 0.12890625 0.0796875 0.075
1 0.45546875 0.24453125 0.0984375 0.1
1 0.6140625 0.34921875 0.0765625 0.0734375
1 0.728125 0.70546875 0.1 0.1046875
0 0.77578125 0.65703125 0.0390625 0.0390625
0 0.484375 0.19140625 0.0484375 0.0484375
3 0.59765625 0.8140625 0.046875 0.046875
3 0.41015625 0.3453125 0.0484375 0.05625
3 0.3890625 0.31171875 0.0546875 0.059375
3 0.35078125 0.2703125 0.0578125 0.0671875
3 0.34375 0.20859375 0.05 0.05625
3 0.58515625 0.4453125 0.040625 0.04375
3 0.57265625 0.43046875 0.0390625 0.0421875
10 0.67734375 0.75 0.321875 0.3703125
10 0.59453125 0.36953125 0.21875 0.2359375
10 0.36328125 0.19765625 0.225 0.2625
10 0.44296875 0.2640625 0.2109375 0.2453125
