0 0.53125 0.28671875 0.1265625 0.1234375
0 0.6546875 0.428125 0.1203125 0.115625
0 0.8015625 0.49453125 0.1359375 0.13125
3 0.13046875 0.71484375 0.0953125 0.090625
3 0.22421875 0.784375 0.1125 0.1078125
3 0.35078125 0.89921875 0.10625 0.103125
3 0.4109375 0.98046875 0.0875 0.0390625
3 0.403125 0.95234375 0.10625 0.0953125
1 0.3890625 0.3734375 0.30625 0.309375
1 0.5359375 0.534375 0.2859375 0.284375
1 0.75234375 0.6796875 0.3375 0.3359375
10 0.6328125 0.6921875 0.734375 0.615625
10 0.46796875 0.63359375 0.6765625 0.703125
10 0.3421875 0.3984375 0.684375 0.796875
