0 0.02265625 0.4515625 0.0453125 0.13125
0 0.22265625 0.3671875 0.1265625 0.1203125
0 0.41875 0.2921875 0.128125 0.121875
0 0.5875 0.190625 0.13125 0.1328125
0 0.725 0.04375 0.159375 0.0875
1 0.1171875 0.6265625 0.234375 0.359375
1 0.3109375 0.53515625 0.2734375 0.3546875
1 0.5 0.4609375 0.2703125 0.3265625
1 0.67265625 0.375 0.2640625 0.340625
3 0.1875 0.96328125 0.084375 0.0734375
3 0.25703125 0.95 0.1171875 0.1
3 0.40078125 0.8515625 0.140625 0.140625
3 0.46484375 0.853125 0.1390625 0.1453125
3 0.603125 0.74375 0.1296875 0.1265625
3 0.6625 0.76640625 0.1234375 0.125
3 0.77109375 0.71171875 0.1125 0.103125
3 0.8265625 0.72890625 0.1265625 0.1203125
3 0.94921875 0.6625 0.1015625 0.140625
3 0.97109375 0.67578125 0.0578125 0.1609375
10 0.80546875 0.40546875 0.3890625 0.8109375
10 0.71015625 0.46796875 0.4390625 0.7140625
10 0.53359375 0.528125 0.4265625 0.65625
10 0.32421875 0.615625 0.428125 0.6671875
10 0.1640625 0.68046875 0.328125 0.6390625
