1 0.19609375 0.4890625 0.190625 0.29375
1 0.30703125 0.46484375 0.18125 0.3203125
1 0.44453125 0.3640625 0.1875 0.2953125
0 0.17265625 0.27734375 0.1046875 0.115625
0 0.28828125 0.2453125 0.0875 0.090625
0 0.36640625 0.1796875 0.0828125 0.1
0 0.43984375 0.17109375 0.0859375 0.0859375
3 0.3015625 0.93671875 0.09375 0.1015625
3 0.3515625 0.9234375 0.090625 0.090625
3 0.4265625 0.884375 0.0953125 0.075
3 0.55390625 0.88828125 0.109375 0.0734375
10 0.22734375 0.5953125 0.3546875 0.809375
10 0.328125 0.56015625 0.309375 0.7578125
10 0.51484375 0.51484375 0.41875 0.878125
