0 0.025 0.38984375 0.05 0.1109375
0 0.1265625 0.38046875 0.0671875 0.0671875
0 0.225 0.28359375 0.0671875 0.0671875
0 0.28671875 0.25625 0.0828125 0.0890625
0 0.63125 0.034375 0.0609375 0.0609375
1 0.16328125 0.53984375 0.3265625 0.3921875
1 0.2328125 0.52734375 0.1171875 0.1296875
1 0.2984375 0.4015625 0.1515625 0.1703125
1 0.36875 0.359375 0.1828125 0.2078125
1 0.5203125 0.23046875 0.1921875 0.2140625
1 0.7375 0.15078125 0.284375 0.3015625
3 0.96171875 0.49609375 0.0765625 0.0828125
3 0.6828125 0.55 0.059375 0.053125
3 0.7390625 0.51015625 0.040625 0.0390625
3 0.553125 0.63828125 0.0578125 0.0546875
0 0.42890625 0.1 0.0984375 0.090625
10 0.7484375 0.28515625 0.503125 0.5703125
10 0.68828125 0.1296875 0.2203125 0.259375
10 0.5671875 0.3140625 0.50625 0.603125
10 0.4203125 0.4390625 0.4296875 0.534375
10 0.33984375 0.47265625 0.3984375 0.496875
10 0.271875 0.57890625 0.425 0.534375
10 0.22265625 0.65078125 0.4453125 0.6984375
