0 0.321875 0.03671875 0.103125 0.0734375
0 0.80703125 0.26640625 0.078125 0.0796875
0 0.903125 0.325 0.0796875 0.08125
0 0.8125 0.6140625 0.078125 0.0828125
1 0.1859375 0.23984375 0.2984375 0.3578125
1 0.67734375 0.45 0.2328125 0.28125
1 0.80234375 0.5046875 0.23125 0.2765625
1 0.734375 0.796875 0.221875 0.2578125
3 0.02109375 0.7546875 0.0421875 0.078125
3 0.55390625 0.903125 0.0734375 0.0671875
3 0.56171875 0.96328125 0.0828125 0.0734375
3 0.64375 0.9796875 0.065625 0.040625
10 0.71484375 0.76640625 0.4484375 0.4671875
10 0.74765625 0.62265625 0.5046875 0.7015625
10 0.6203125 0.54296875 0.5125 0.7078125
3 0.475 0.8453125 0.109375 0.10625
10 0.2359375 0.39921875 0.471875 0.7984375
