0 0.33359375 0.53515625 0.05625 0.059375
0 0.41953125 0.453125 0.046875 0.046875
0 0.51171875 0.4125 0.0484375 0.05
0 0.5828125 0.3671875 0.0546875 0.0578125
0 0.63046875 0.3328125 0.071875 0.071875
3 0.50703125 0.85078125 0.0359375 0.040625
3 0.52265625 0.81875 0.0453125 0.0390625
3 0.60859375 0.73125 0.0296875 0.0296875
3 0.64609375 0.7140625 0.0375 0.0390625
3 0.703125 0.72265625 0.040625 0.0359375
3 0.740625 0.72109375 0.0328125 0.0359375
3 0.7859375 0.69921875 0.0453125 0.0375
3 0.82421875 0.703125 0.0328125 0.034375
3 0.90078125 0.77109375 0.0703125 0.0625
10 0.4203125 0.6921875 0.3546875 0.45625
10 0.52109375 0.590625 0.3046875 0.4015625
10 0.61796875 0.56328125 0.3015625 0.4234375
10 0.78125 0.53828125 0.40625 0.5796875
10 0.69296875 0.53671875 0.3109375 0.440625
