1 0.234375 0.22421875 0.0671875 0.0515625
1 0.33359375 0.30078125 0.071875 0.08125
1 0.5234375 0.3125 0.0625 0.0546875
1 0.8 0.5640625 0.0703125 0.0890625
0 0.8171875 0.49765625 0.03125 0.03125
0 0.33203125 0.240625 0.0390625 0.0375
3 0.74140625 0.7234375 0.0359375 0.0375
3 0.34453125 0.4109375 0.0265625 0.0546875
3 0.31015625 0.3921875 0.0359375 0.053125
3 0.25625 0.37578125 0.0328125 0.065625
3 0.21875 0.32578125 0.0296875 0.053125
3 0.54609375 0.41015625 0.0265625 0.0390625
3 0.528125 0.40390625 0.0265625 0.0359375
10 0.778125 0.628125 0.178125 0.359375
10 0.51640625 0.33984375 0.14375 0.2109375
10 0.23046875 0.30625 0.1234375 0.25625
10 0.3328125 0.32421875 0.1140625 0.2421875
