0 0.3859375 0.025 0.109375 0.05
0 0.45078125 0.1109375 0.065625 0.0671875
0 0.58046875 0.159375 0.065625 0.065625
0 0.63046875 0.20390625 0.08125 0.0875
0 0.97421875 0.421875 0.0515625 0.059375
1 0.30859375 0.19140625 0.3703125 0.3828125
1 0.3625 0.26953125 0.1109375 0.1296875
1 0.50390625 0.27578125 0.14375 0.171875
1 0.57265625 0.321875 0.1734375 0.2109375
1 0.753125 0.40390625 0.1828125 0.215625
1 0.89921875 0.5609375 0.2015625 0.340625
3 0.7015625 0.92265625 0.090625 0.0796875
3 0.53203125 0.68671875 0.0609375 0.05
3 0.59140625 0.72109375 0.040625 0.0375
3 0.396875 0.60625 0.0578125 0.053125
0 0.8328125 0.26640625 0.0984375 0.0875
10 0.8125 0.62578125 0.375 0.7484375
10 0.9109375 0.509375 0.178125 0.2875
10 0.696875 0.4828125 0.471875 0.6171875
10 0.52109375 0.40234375 0.3953125 0.55
10 0.45703125 0.34375 0.3671875 0.5125
10 0.33203125 0.3265625 0.3890625 0.5515625
10 0.23671875 0.3140625 0.4734375 0.628125
