1 0.26015625 0.31171875 0.2359375 0.303125
1 0.36484375 0.35859375 0.234375 0.325
1 0.53515625 0.3578125 0.2328125 0.303125
0 0.365625 0.12734375 0.11875 0.1265625
0 0.47890625 0.16953125 0.0984375 0.1
0 0.58046875 0.16171875 0.096875 0.1078125
0 0.64453125 0.1984375 0.0953125 0.0953125
3 0.0828125 0.73671875 0.10625 0.1109375
3 0.13046875 0.75546875 0.1015625 0.1015625
3 0.21484375 0.76796875 0.1015625 0.0890625
3 0.315625 0.8453125 0.1125 0.0890625
10 0.234375 0.4234375 0.46875 0.8125
10 0.32578125 0.44765625 0.446875 0.7421875
10 0.503125 0.52109375 0.5703125 0.8734375
