0 0.06796875 0.27421875 0.084375 0.1171875
0 0.16484375 0.290625 0.0890625 0.0953125
0 0.21640625 0.378125 0.071875 0.084375
0 0.34375 0.346875 0.05625 0.0640625
0 0.490625 0.39296875 0.05 0.059375
0 0.540625 0.41953125 0.04375 0.0515625
0 0.5984375 0.4515625 0.0484375 0.0484375
0 0.68671875 0.43046875 0.0484375 0.0484375
0 0.71953125 0.475 0.059375 0.078125
0 0.84609375 0.53515625 0.08125 0.0875
3 0.1265625 0.91328125 0.0640625 0.0390625
3 0.2203125 0.89296875 0.0375 0.0453125
3 0.25703125 0.89375 0.0484375 0.0484375
3 0.3578125 0.85546875 0.028125 0.0390625
3 0.4140625 0.8640625 0.0421875 0.040625
3 0.475 0.8453125 0.0328125 0.0359375
3 0.43359375 0.83046875 0.03125 0.0296875
3 0.4953125 0.87265625 0.0484375 0.04375
3 0.53046875 0.9 0.040625 0.053125
3 0.56796875 0.8796875 0.046875 0.040625
3 0.58984375 0.946875 0.0484375 0.0328125
3 0.61328125 0.975 0.0515625 0.040625
10 0.81171875 0.73515625 0.2578125 0.5296875
10 0.665625 0.715625 0.190625 0.5671875
10 0.63515625 0.66171875 0.175 0.5265625
10 0.56484375 0.6796875 0.1875 0.5265625
10 0.50703125 0.61015625 0.1578125 0.4703125
10 0.4328125 0.625 0.1953125 0.5578125
10 0.29375 0.621875 0.2484375 0.640625
10 0.16484375 0.6296875 0.2015625 0.621875
10 0.11015625 0.58203125 0.2203125 0.6953125
10 0.06015625 0.55703125 0.1203125 0.7015625
