0 0.50859375 0.284375 0.128125 0.11875
0 0.646875 0.4125 0.121875 0.1125
0 0.79921875 0.46328125 0.1390625 0.125
3 0.15546875 0.75234375 0.0984375 0.084375
3 0.25546875 0.81171875 0.115625 0.103125
3 0.39375 0.9125 0.109375 0.0984375
3 0.465625 0.984375 0.0875 0.03125
3 0.45 0.95703125 0.109375 0.0859375
1 0.3765625 0.3859375 0.3 0.3078125
1 0.53984375 0.53046875 0.284375 0.2796875
1 0.76953125 0.65234375 0.334375 0.33125
10 0.65703125 0.678125 0.6859375 0.64375
10 0.48203125 0.63671875 0.6421875 0.721875
10 0.32734375 0.41484375 0.6546875 0.8296875
