0 0.41640625 0.025 0.1078125 0.05
0 0.84609375 0.32890625 0.08125 0.08125
0 0.92890625 0.4046875 0.0828125 0.0828125
0 0.78515625 0.671875 0.0828125 0.0828125
1 0.24140625 0.18515625 0.33125 0.34375
1 0.68359375 0.48515625 0.259375 0.2703125
1 0.79609375 0.5625 0.25625 0.2671875
1 0.6734375 0.8359375 0.24375 0.2515625
3 0.47578125 0.90625 0.0734375 0.071875
3 0.47265625 0.96328125 0.0828125 0.0734375
3 0.5453125 0.98984375 0.071875 0.0203125
10 0.65234375 0.790625 0.5015625 0.41875
10 0.71015625 0.66796875 0.5796875 0.6421875
10 0.61015625 0.565625 0.60625 0.6484375
3 0.409375 0.83359375 0.1125 0.1109375
10 0.278125 0.3515625 0.55625 0.703125
