0 0.4828125 0.28515625 0.128125 0.1125
0 0.63515625 0.3953125 0.121875 0.1046875
0 0.7921875 0.42734375 0.1421875 0.115625
3 0.18828125 0.79296875 0.1015625 0.078125
3 0.2953125 0.8390625 0.1171875 0.0953125
3 0.44453125 0.921875 0.1109375 0.090625
3 0.52734375 0.98515625 0.0859375 0.0296875
3 0.5078125 0.96015625 0.109375 0.0796875
1 0.36328125 0.4015625 0.2890625 0.303125
1 0.54296875 0.52578125 0.278125 0.2703125
1 0.7859375 0.61875 0.3265625 0.3203125
10 0.6875 0.66171875 0.625 0.6765625
10 0.4984375 0.63515625 0.59375 0.7296875
10 0.309375 0.43984375 0.61875 0.8484375
