0 0.0328125 0.2265625 0.065625 0.18125
0 0.2609375 0.28125 0.1953125 0.234375
0 0.65625 0.14609375 0.1359375 0.1578125
0 0.79609375 0.171875 0.0875 0.08125
3 0.24296875 0.95703125 0.1421875 0.0859375
3 0.31875 0.9640625 0.128125 0.071875
3 0.4203125 0.94296875 0.140625 0.1140625
3 0.58671875 0.8984375 0.1234375 0.159375
3 0.71015625 0.7203125 0.090625 0.125
3 0.7703125 0.69140625 0.1109375 0.10625
3 0.846875 0.5484375 0.0796875 0.09375
3 0.890625 0.52578125 0.084375 0.0859375
10 0.82734375 0.36015625 0.253125 0.4625
10 0.6625 0.42421875 0.459375 0.7453125
10 0.3921875 0.57265625 0.54375 0.8546875
10 0.19453125 0.5609375 0.3890625 0.878125
