0 0.028125 0.46875 0.05625 0.11875
0 0.10859375 0.4453125 0.0921875 0.096875
0 0.19140625 0.50390625 0.075 0.0859375
0 0.29453125 0.42421875 0.0578125 0.065625
0 0.44765625 0.40625 0.0515625 0.0609375
0 0.50390625 0.41015625 0.0453125 0.0515625
0 0.5703125 0.415625 0.0484375 0.05
0 0.6421875 0.36015625 0.0484375 0.05
0 0.690625 0.3875 0.0609375 0.0796875
0 0.83125 0.39140625 0.084375 0.0890625
3 0.4046875 0.97265625 0.0375 0.046875
3 0.43828125 0.95859375 0.05 0.0484375
3 0.51484375 0.88203125 0.0296875 0.040625
3 0.56953125 0.8671875 0.0421875 0.0421875
3 0.61796875 0.82578125 0.0328125 0.0359375
3 0.5734375 0.8296875 0.03125 0.0296875
3 0.646875 0.8421875 0.0484375 0.04375
3 0.690625 0.853125 0.040625 0.0546875
3 0.71640625 0.81953125 0.046875 0.040625
3 0.7640625 0.871875 0.0484375 0.034375
3 0.79609375 0.8875 0.053125 0.0421875
10 0.87890625 0.62109375 0.2421875 0.6046875
10 0.7390625 0.62890625 0.209375 0.565625
10 0.6890625 0.59296875 0.1921875 0.525
10 0.63203125 0.6375 0.2046875 0.5265625
10 0.5515625 0.59765625 0.1734375 0.46875
10 0.48984375 0.6421875 0.2140625 0.55625
10 0.3609375 0.68671875 0.26875 0.6265625
10 0.246875 0.721875 0.221875 0.55625
10 0.1640625 0.69609375 0.271875 0.6078125
10 0.0984375 0.7 0.196875 0.6
