0 0.146875 0.1640625 0.10625 0.125
0 0.2359375 0.20625 0.1046875 0.1078125
0 0.2609375 0.3046875 0.0875 0.09375
0 0.39140625 0.31015625 0.0671875 0.071875
0 0.5203125 0.39453125 0.0609375 0.065625
0 0.5609375 0.43359375 0.053125 0.05625
0 0.6078125 0.48046875 0.0546875 0.05625
0 0.69921875 0.484375 0.0546875 0.05625
0 0.71796875 0.53671875 0.0734375 0.084375
0 0.8234375 0.6296875 0.0953125 0.0984375
3 0.0296875 0.79296875 0.059375 0.0515625
3 0.1234375 0.80078125 0.0453125 0.05
3 0.1578125 0.81171875 0.05625 0.0546875
3 0.265625 0.80234375 0.0359375 0.0421875
3 0.3171875 0.82578125 0.046875 0.046875
3 0.38046875 0.825 0.0375 0.040625
3 0.34453125 0.8 0.034375 0.034375
3 0.39296875 0.85625 0.053125 0.0515625
3 0.41875 0.89296875 0.05 0.0578125
3 0.46015625 0.884375 0.0515625 0.0484375
3 0.46328125 0.9546875 0.05 0.0421875
3 0.478125 0.98125 0.05625 0.0375
10 0.72578125 0.77578125 0.3984375 0.4484375
10 0.6 0.74140625 0.33125 0.5171875
10 0.58515625 0.6921875 0.3046875 0.5
10 0.5125 0.690625 0.315625 0.503125
10 0.4765625 0.6078125 0.2734375 0.446875
10 0.40078125 0.60234375 0.33125 0.53125
10 0.26875 0.56015625 0.4015625 0.6171875
10 0.16015625 0.53203125 0.3203125 0.5890625
10 0.1484375 0.46796875 0.296875 0.6640625
10 0.10546875 0.42109375 0.2109375 0.6578125
