0 0.33828125 0.44765625 0.0390625 0.0453125
0 0.45390625 0.41953125 0.0328125 0.0359375
0 0.55390625 0.43046875 0.0328125 0.0390625
0 0.63828125 0.4265625 0.0359375 0.046875
0 0.696875 0.4203125 0.053125 0.053125
3 0.33046875 0.80703125 0.0203125 0.0359375
3 0.36015625 0.7875 0.0390625 0.021875
3 0.478125 0.7546875 0.021875 0.021875
3 0.51953125 0.75859375 0.0265625 0.0296875
3 0.56484375 0.79453125 0.0328125 0.0234375
3 0.59765625 0.81171875 0.0203125 0.0296875
3 0.64765625 0.815625 0.0421875 0.01875
3 0.67890625 0.83828125 0.0234375 0.0265625
3 0.71171875 0.93515625 0.0578125 0.0390625
10 0.33515625 0.6265625 0.159375 0.434375
10 0.47265625 0.5890625 0.1265625 0.390625
10 0.5703125 0.6140625 0.0984375 0.43125
10 0.72421875 0.6734375 0.125 0.596875
10 0.64921875 0.628125 0.0984375 0.4515625
