0 0.3375 0.45078125 0.040625 0.0453125
0 0.45234375 0.4203125 0.0328125 0.0359375
0 0.55234375 0.4296875 0.0328125 0.0390625
0 0.63671875 0.42421875 0.0375 0.046875
0 0.6953125 0.4171875 0.0546875 0.0546875
3 0.3359375 0.81015625 0.0203125 0.0359375
3 0.36484375 0.78984375 0.0390625 0.021875
3 0.4828125 0.7546875 0.021875 0.021875
3 0.52421875 0.75859375 0.0265625 0.0296875
3 0.5703125 0.79296875 0.0328125 0.0234375
3 0.603125 0.81015625 0.0203125 0.0296875
3 0.653125 0.81328125 0.0421875 0.01875
3 0.68515625 0.83515625 0.0234375 0.0265625
3 0.71953125 0.93125 0.0578125 0.040625
10 0.3375 0.6296875 0.1671875 0.4375
10 0.47421875 0.58984375 0.1328125 0.3921875
10 0.57265625 0.6125 0.10625 0.4328125
10 0.72734375 0.66953125 0.1359375 0.5984375
10 0.6515625 0.62578125 0.10625 0.453125
