0 0.2515625 0.67578125 0.0953125 0.128125
0 0.37109375 0.5890625 0.0296875 0.0390625
0 0.57109375 0.615625 0.021875 0.03125
0 0.8609375 0.39453125 0.0921875 0.1
0 0.52265625 0.58671875 0.0265625 0.0265625
1 0.23515625 0.8875 0.1546875 0.225
1 0.89921875 0.6640625 0.18125 0.4109375
1 0.5015625 0.65078125 0.05 0.10625
1 0.603125 0.67734375 0.0640625 0.109375
10 0.846875 0.621875 0.30625 0.578125
10 0.2359375 0.8 0.2 0.4
10 0.35625 0.68359375 0.1296875 0.2578125
10 0.5109375 0.659375 0.0640625 0.178125
10 0.60234375 0.70703125 0.10625 0.246875
