1 0.2546875 0.59765625 0.290625 0.1828125
1 0.765625 0.5953125 0.30625 0.1828125
1 0.73359375 0.86171875 0.2765625 0.1703125
1 0.26015625 0.8703125 0.2515625 0.1671875
1 0.24140625 0.290625 0.2671875 0.1828125
1 0.72734375 0.2921875 0.284375 0.184375
10 0.253125 0.25859375 0.3453125 0.29375
10 0.26015625 0.559375 0.3484375 0.29375
10 0.25859375 0.85078125 0.346875 0.284375
10 0.7265625 0.846875 0.3484375 0.28125
10 0.75234375 0.54921875 0.346875 0.303125
10 0.73203125 0.2578125 0.334375 0.2796875
