1 0.76328125 0.48515625 0.334375 0.2796875
1 0.29921875 0.6984375 0.35 0.2859375
1 0.44140625 0.89765625 0.3171875 0.2046875
1 0.86328125 0.734375 0.2734375 0.25
1 0.6453125 0.20078125 0.3140625 0.271875
1 0.20546875 0.4078125 0.328125 0.278125
10 0.19921875 0.37109375 0.3984375 0.3890625
10 0.28984375 0.65234375 0.4328125 0.3984375
10 0.4421875 0.85234375 0.434375 0.2953125
10 0.82265625 0.715625 0.3546875 0.403125
10 0.74140625 0.4484375 0.440625 0.4046875
10 0.628125 0.18828125 0.41875 0.3765625
