1 0.61640625 0.73671875 0.33125 0.3265625
1 0.2390625 0.39296875 0.34375 0.3375
1 0.1203125 0.61171875 0.240625 0.3078125
1 0.43046875 0.89609375 0.2921875 0.2078125
1 0.83203125 0.5171875 0.315625 0.3109375
1 0.4703125 0.19296875 0.3265625 0.321875
10 0.496875 0.18984375 0.43125 0.3796875
10 0.27734375 0.36640625 0.446875 0.44375
10 0.1640625 0.60546875 0.328125 0.4453125
10 0.44453125 0.84921875 0.4578125 0.3015625
10 0.6421875 0.7015625 0.4546875 0.4515625
10 0.81328125 0.49375 0.3734375 0.434375
